69 6d 70 6f 72 74 20 7b  20 4c 69 6e 6b 20 7d 20
66 72 6f 6d 20 22 72 65  61 63 74 2d 72 6f 75 74
65 72 2d 64 6f 6d 22 3b  0d 0a 69 6d 70 6f 72 74
20 7b 20 50 6c 75 73 20  7d 20 66 72 6f 6d 20 22
6c 75 63 69 64 65 2d 72  65 61 63 74 22 3b 0d 0a
69 6d 70 6f 72 74 20 7b  20 42 75 74 74 6f 6e 20
7d 20 66 72 6f 6d 20 22  2e 2e 2f 75 69 2f 62 75
74 74 6f 6e 22 3b 0d 0a  69 6d 70 6f 72 74 20 7b
20 53 74 61 74 75 73 42  61 64 67 65 20 7d 20 66
72 6f 6d 20 22 2e 2e 2f  75 69 2f 53 74 61 74 75
73 42 61 64 67 65 22 3b  0d 0a 69 6d 70 6f 72 74
20 7b 20 66 6f 72 6d 61  74 42 6f 6f 6b 69 6e 67
44 61 74 65 2c 20 66 6f  72 6d 61 74 43 75 72 72
65 6e 63 79 2c 20 66 6f  72 6d 61 74 53 74 61 74
75 73 20 7d 20 66 72 6f  6d 20 22 2e 2e 2f 2e 2e
2f 6c 69 62 2f 66 6f 72  6d 61 74 74 65 72 73 22
3b 0d 0a 0d 0a 65 78 70  6f 72 74 20 66 75 6e 63
74 69 6f 6e 20 42 6f 6f  6b 69 6e 67 73 53 65 63
74 69 6f 6e 28 7b 20 62  6f 6f 6b 69 6e 67 73 2c
20 6c 6f 61 64 69 6e 67  2c 20 65 72 72 6f 72 2c
20 6f 6e 50 61 79 44 65  70 6f 73 69 74 20 7d 29
20 7b 0d 0a 20 20 72 65  74 75 72 6e 20 28 0d 0a
20 20 20 20 3c 73 65 63  74 69 6f 6e 20 63 6c 61
73 73 4e 61 6d 65 3d 22  73 70 61 63 65 2d 79 2d
36 22 3e 0d 0a 20 20 20  20 20 20 3c 64 69 76 20
63 6c 61 73 73 4e 61 6d  65 3d 22 66 6c 65 78 20
66 6c 65 78 2d 63 6f 6c  20 67 61 70 2d 34 20 73
6d 3a 66 6c 65 78 2d 72  6f 77 20 73 6d 3a 69 74
65 6d 73 2d 63 65 6e 74  65 72 20 73 6d 3a 6a 75
73 74 69 66 79 2d 62 65  74 77 65 65 6e 22 3e 0d
0a 20 20 20 20 20 20 20  20 3c 64 69 76 3e 0d 0a
20 20 20 20 20 20 20 20  20 20 3c 68 32 20 63 6c
61 73 73 4e 61 6d 65 3d  22 74 65 78 74 2d 32 78
6c 20 66 6f 6e 74 2d 73  65 6d 69 62 6f 6c 64 20
74 72 61 63 6b 69 6e 67  2d 74 69 67 68 74 20 74
65 78 74 2d 77 68 69 74  65 20 6d 64 3a 74 65 78
74 2d 33 78 6c 22 3e 59  6f 75 72 20 42 6f 6f 6b
69 6e 67 73 3c 2f 68 32  3e 0d 0a 20 20 20 20 20
20 20 20 20 20 3c 70 20  63 6c 61 73 73 4e 61 6d
65 3d 22 6d 74 2d 31 20  74 65 78 74 2d 73 6d 20
74 65 78 74 2d 73 6c 61  74 65 2d 34 30 30 22 3e
4d 61 6e 61 67 65 20 61  6e 64 20 74 72 61 63 6b
20 79 6f 75 72 20 77 6f  72 6b 73 70 61 63 65 20
72 65 73 65 72 76 61 74  69 6f 6e 73 3c 2f 70 3e
0d 0a 20 20 20 20 20 20  20 20 3c 2f 64 69 76 3e
0d 0a 20 20 20 20 20 20  20 20 3c 4c 69 6e 6b 20
74 6f 3d 22 2f 62 6f 6f  6b 69 6e 67 22 3e 0d 0a
20 20 20 20 20 20 20 20  20 20 3c 42 75 74 74 6f
6e 20 63 6c 61 73 73 4e  61 6d 65 3d 22 69 6e 6c
69 6e 65 2d 66 6c 65 78  20 69 74 65 6d 73 2d 63
65 6e 74 65 72 20 67 61  70 2d 32 20 72 6f 75 6e
64 65 64 2d 6c 67 20 62  67 2d 5b 23 45 38 37 37
32 32 5d 20 70 78 2d 36  20 70 79 2d 33 20 74 65
78 74 2d 73 6d 20 66 6f  6e 74 2d 73 65 6d 69 62
6f 6c 64 20 74 65 78 74  2d 77 68 69 74 65 20 73
68 61 64 6f 77 2d 6c 67  20 73 68 61 64 6f 77 2d
5b 23 45 38 37 37 32 32  5d 2f 32 30 20 74 72 61
6e 73 69 74 69 6f 6e 2d  61 6c 6c 20 68 6f 76 65
72 3a 62 67 2d 5b 23 64  34 36 61 31 61 5d 20 68
6f 76 65 72 3a 73 68 61  64 6f 77 2d 5b 23 45 38
37 37 32 32 5d 2f 33 30  22 3e 0d 0a 20 20 20 20
20 20 20 20 20 20 20 20  3c 50 6c 75 73 20 63 6c
61 73 73 4e 61 6d 65 3d  22 68 2d 34 20 77 2d 34
22 20 2f 3e 0d 0a 20 20  20 20 20 20 20 20 20 20
20 20 4e 65 77 20 42 6f  6f 6b 69 6e 67 0d 0a 20
20 20 20 20 20 20 20 20  20 3c 2f 42 75 74 74 6f
6e 3e 0d 0a 20 20 20 20  20 20 20 20 3c 2f 4c 69
6e 6b 3e 0d 0a 20 20 20  20 20 20 3c 2f 64 69 76
3e 0d 0a 0d 0a 20 20 20  20 20 20 3c 64 69 76 20
63 6c 61 73 73 4e 61 6d  65 3d 22 6f 76 65 72 66
6c 6f 77 2d 68 69 64 64  65 6e 20 72 6f 75 6e 64
65 64 2d 78 6c 20 62 6f  72 64 65 72 20 62 6f 72
64 65 72 2d 73 6c 61 74  65 2d 37 30 30 2f 35 30
20 62 67 2d 73 6c 61 74  65 2d 38 30 30 2f 38 30
20 73 68 61 64 6f 77 2d  73 6d 22 3e 0d 0a 20 20
20 20 20 20 20 20 3c 64  69 76 20 63 6c 61 73 73
4e 61 6d 65 3d 22 6f 76  65 72 66 6c 6f 77 2d 78
2d 61 75 74 6f 22 3e 0d  0a 20 20 20 20 20 20 20
20 20 20 3c 74 61 62 6c  65 20 63 6c 61 73 73 4e
61 6d 65 3d 22 77 2d 66  75 6c 6c 20 6d 69 6e 2d
77 2d 5b 36 38 30 70 78  5d 22 3e 0d 0a 20 20 20
20 20 20 20 20 20 20 20  20 3c 74 68 65 61 64 3e
0d 0a 20 20 20 20 20 20  20 20 20 20 20 20 20 20
3c 74 72 20 63 6c 61 73  73 4e 61 6d 65 3d 22 62
6f 72 64 65 72 2d 62 20  62 6f 72 64 65 72 2d 73
6c 61 74 65 2d 37 30 30  2f 35 30 20 62 67 2d 73
6c 61 74 65 2d 37 30 30  2f 35 30 22 3e 0d 0a 20
20 20 20 20 20 20 20 20  20 20 20 20 20 20 20 3c
74 68 20 63 6c 61 73 73  4e 61 6d 65 3d 22 70 78
2d 34 20 70 79 2d 34 20  74 65 78 74 2d 6c 65 66
74 20 74 65 78 74 2d 78  73 20 66 6f 6e 74 2d 73
65 6d 69 62 6f 6c 64 20  75 70 70 65 72 63 61 73
65 20 74 72 61 63 6b 69  6e 67 2d 77 69 64 65 72
20 74 65 78 74 2d 73 6c  61 74 65 2d 34 30 30 22
3e 42 6f 6f 6b 69 6e 67  20 49 44 3c 2f 74 68 3e
0d 0a 20 20 20 20 20 20  20 20 20 20 20 20 20 20
20 20 3c 74 68 20 63 6c  61 73 73 4e 61 6d 65 3d
22 70 78 2d 34 20 70 79  2d 34 20 74 65 78 74 2d
6c 65 66 74 20 74 65 78  74 2d 78 73 20 66 6f 6e
74 2d 73 65 6d 69 62 6f  6c 64 20 75 70 70 65 72
63 61 73 65 20 74 72 61  63 6b 69 6e 67 2d 77 69
64 65 72 20 74 65 78 74  2d 73 6c 61 74 65 2d 34
30 30 22 3e 52 6f 6f 6d  3c 2f 74 68 3e 0d 0a 20
20 20 20 20 20 20 20 20  20 20 20 20 20 20 20 3c
74 68 20 63 6c 61 73 73  4e 61 6d 65 3d 22 70 78
2d 34 20 70 79 2d 34 20  74 65 78 74 2d 6c 65 66
74 20 74 65 78 74 2d 78  73 20 66 6f 6e 74 2d 73
65 6d 69 62 6f 6c 64 20  75 70 70 65 72 63 61 73
65 20 74 72 61 63 6b 69  6e 67 2d 77 69 64 65 72
20 74 65 78 74 2d 73 6c  61 74 65 2d 34 30 30 22
3e 44 61 74 65 3c 2f 74  68 3e 0d 0a 20 20 20 20
20 20 20 20 20 20 20 20  20 20 20 20 3c 74 68 20
63 6c 61 73 73 4e 61 6d  65 3d 22 70 78 2d 34 20
70 79 2d 34 20 74 65 78  74 2d 6c 65 66 74 20 74
65 78 74 2d 78 73 20 66  6f 6e 74 2d 73 65 6d 69
62 6f 6c 64 20 75 70 70  65 72 63 61 73 65 20 74
72 61 63 6b 69 6e 67 2d  77 69 64 65 72 20 74 65
78 74 2d 73 6c 61 74 65  2d 34 30 30 22 3e 53 74
61 74 75 73 3c 2f 74 68  3e 0d 0a 20 20 20 20 20
20 20 20 20 20 20 20 20  20 20 20 3c 74 68 20 63
6c 61 73 73 4e 61 6d 65  3d 22 70 78 2d 34 20 70
79 2d 34 20 74 65 78 74  2d 6c 65 66 74 20 74 65
78 74 2d 78 73 20 66 6f  6e 74 2d 73 65 6d 69 62
6f 6c 64 20 75 70 70 65  72 63 61 73 65 20 74 72
61 63 6b 69 6e 67 2d 77  69 64 65 72 20 74 65 78
74 2d 73 6c 61 74 65 2d  34 30 30 22 3e 41 6d 6f
75 6e 74 3c 2f 74 68 3e  0d 0a 20 20 20 20 20 20
20 20 20 20 20 20 20 20  20 20 3c 74 68 20 63 6c
61 73 73 4e 61 6d 65 3d  22 70 78 2d 34 20 70 79
2d 34 20 74 65 78 74 2d  72 69 67 68 74 20 74 65
78 74 2d 78 73 20 66 6f  6e 74 2d 73 65 6d 69 62
6f 6c 64 20 75 70 70 65  72 63 61 73 65 20 74 72
61 63 6b 69 6e 67 2d 77  69 64 65 72 20 74 65 78
74 2d 73 6c 61 74 65 2d  34 30 30 22 3e 41 63 74
69 6f 6e 73 3c 2f 74 68  3e 0d 0a 20 20 20 20 20
20 20 20 20 20 20 20 20  20 3c 2f 74 72 3e 0d 0a
20 20 20 20 20 20 20 20  20 20 20 20 3c 2f 74 68
65 61 64 3e 0d 0a 20 20  20 20 20 20 20 20 20 20
20 20 3c 74 62 6f 64 79  3e 0d 0a 20 20 20 20 20
20 20 20 20 20 20 20 20  20 7b 6c 6f 61 64 69 6e
67 20 3f 20 28 0d 0a 20  20 20 20 20 20 20 20 20
20 20 20 20 20 20 20 3c  74 72 3e 0d 0a 20 20 20
20 20 20 20 20 20 20 20  20 20 20 20 20 20 20 3c
74 64 20 63 6f 6c 53 70  61 6e 3d 7b 37 7d 20 63
6c 61 73 73 4e 61 6d 65  3d 22 70 78 2d 34 20 70
79 2d 36 20 74 65 78 74  2d 63 65 6e 74 65 72 20
74 65 78 74 2d 73 6d 20  74 65 78 74 2d 73 6c 61
74 65 2d 34 30 30 22 3e  0d 0a 20 20 20 20 20 20
20 20 20 20 20 20 20 20  20 20 20 20 20 20 4c 6f
61 64 69 6e 67 20 62 6f  6f 6b 69 6e 67 73 2e 2e
2e 0d 0a 20 20 20 20 20  20 20 20 20 20 20 20 20
20 20 20 20 20 3c 2f 74  64 3e 0d 0a 20 20 20 20
20 20 20 20 20 20 20 20  20 20 20 20 3c 2f 74 72
3e 0d 0a 20 20 20 20 20  20 20 20 20 20 20 20 20
20 29 20 3a 20 6e 75 6c  6c 7d 0d 0a 20 20 20 20
20 20 20 20 20 20 20 20  20 20 7b 21 6c 6f 61 64
69 6e 67 20 26 26 20 65  72 72 6f 72 20 3f 20 28
0d 0a 20 20 20 20 20 20  20 20 20 20 20 20 20 20
20 20 3c 74 72 3e 0d 0a  20 20 20 20 20 20 20 20
20 20 20 20 20 20 20 20  20 20 3c 74 64 20 63 6f
6c 53 70 61 6e 3d 7b 37  7d 20 63 6c 61 73 73 4e
61 6d 65 3d 22 70 78 2d  34 20 70 79 2d 36 20 74
65 78 74 2d 63 65 6e 74  65 72 20 74 65 78 74 2d
73 6d 20 74 65 78 74 2d  72 65 64 2d 36 30 30 22
3e 0d 0a 20 20 20 20 20  20 20 20 20 20 20 20 20
20 20 20 20 20 20 20 7b  65 72 72 6f 72 7d 0d 0a
20 20 20 20 20 20 20 20  20 20 20 20 20 20 20 20
20 20 3c 2f 74 64 3e 0d  0a 20 20 20 20 20 20 20
20 20 20 20 20 20 20 20  20 3c 2f 74 72 3e 0d 0a
20 20 20 20 20 20 20 20  20 20 20 20 20 20 29 20
3a 20 6e 75 6c 6c 7d 0d  0a 20 20 20 20 20 20 20
20 20 20 20 20 20 20 7b  21 6c 6f 61 64 69 6e 67
20 26 26 20 21 65 72 72  6f 72 20 26 26 20 62 6f
6f 6b 69 6e 67 73 2e 6c  65 6e 67 74 68 20 3d 3d
3d 20 30 20 3f 20 28 0d  0a 20 20 20 20 20 20 20
20 20 20 20 20 20 20 20  20 3c 74 72 3e 0d 0a 20
20 20 20 20 20 20 20 20  20 20 20 20 20 20 20 20
20 3c 74 64 20 63 6f 6c  53 70 61 6e 3d 7b 37 7d
20 63 6c 61 73 73 4e 61  6d 65 3d 22 70 78 2d 34
20 70 79 2d 36 20 74 65  78 74 2d 63 65 6e 74 65
72 20 74 65 78 74 2d 73  6d 20 74 65 78 74 2d 73
6c 61 74 65 2d 34 30 30  22 3e 0d 0a 20 20 20 20
20 20 20 20 20 20 20 20  20 20 20 20 20 20 20 20
4e 6f 20 62 6f 6f 6b 69  6e 67 73 20 79 65 74 2e
0d 0a 20 20 20 20 20 20  20 20 20 20 20 20 20 20
20 20 20 20 3c 2f 74 64  3e 0d 0a 20 20 20 20 20
20 20 20 20 20 20 20 20  20 20 20 3c 2f 74 72 3e
0d 0a 20 20 20 20 20 20  20 20 20 20 20 20 20 20
29 20 3a 20 6e 75 6c 6c  7d 0d 0a 20 20 20 20 20
20 20 20 20 20 20 20 20  20 7b 21 6c 6f 61 64 69
6e 67 20 26 26 20 21 65  72 72 6f 72 20 26 26 20
62 6f 6f 6b 69 6e 67 73  2e 6d 61 70 28 28 62 6f
6f 6b 69 6e 67 29 20 3d  3e 20 28 0d 0a 20 20 20
20 20 20 20 20 20 20 20  20 20 20 20 20 3c 74 72
20 6b 65 79 3d 7b 62 6f  6f 6b 69 6e 67 2e 69 64
7d 20 63 6c 61 73 73 4e  61 6d 65 3d 22 67 72 6f
75 70 20 62 6f 72 64 65  72 2d 62 20 62 6f 72 64
65 72 2d 73 6c 61 74 65  2d 37 30 30 2f 35 30 20
74 72 61 6e 73 69 74 69  6f 6e 2d 63 6f 6c 6f 72
73 20 68 6f 76 65 72 3a  62 67 2d 73 6c 61 74 65
2d 37 30 30 2f 33 30 22  3e 0d 0a 20 20 20 20 20
20 20 20 20 20 20 20 20  20 20 20 20 20 3c 74 64
20 63 6c 61 73 73 4e 61  6d 65 3d 22 70 78 2d 34
20 70 79 2d 34 20 74 65  78 74 2d 73 6d 20 66 6f
6e 74 2d 6d 6f 6e 6f 20  74 65 78 74 2d 73 6c 61
74 65 2d 34 30 30 22 3e  7b 62 6f 6f 6b 69 6e 67
2e 72 65 66 65 72 65 6e  63 65 20 7c 7c 20 62 6f
6f 6b 69 6e 67 2e 69 64  7d 3c 2f 74 64 3e 0d 0a
20 20 20 20 20 20 20 20  20 20 20 20 20 20 20 20
20 20 3c 74 64 20 63 6c  61 73 73 4e 61 6d 65 3d
22 70 78 2d 34 20 70 79  2d 34 22 3e 0d 0a 20 20
20 20 20 20 20 20 20 20  20 20 20 20 20 20 20 20
20 20 3c 73 70 61 6e 20  63 6c 61 73 73 4e 61 6d
65 3d 22 74 65 78 74 2d  73 6d 20 66 6f 6e 74 2d
6d 65 64 69 75 6d 20 74  65 78 74 2d 73 6c 61 74
65 2d 32 30 30 22 3e 7b  62 6f 6f 6b 69 6e 67 2e
72 6f 6f 6d 3f 2e 6e 61  6d 65 20 7c 7c 20 22 4e
2f 41 22 7d 3c 2f 73 70  61 6e 3e 0d 0a 20 20 20
20 20 20 20 20 20 20 20  20 20 20 20 20 20 20 3c
2f 74 64 3e 0d 0a 20 20  20 20 20 20 20 20 20 20
20 20 20 20 20 20 20 20  3c 74 64 20 63 6c 61 73
73 4e 61 6d 65 3d 22 70  78 2d 34 20 70 79 2d 34
20 74 65 78 74 2d 73 6d  20 74 65 78 74 2d 73 6c
61 74 65 2d 34 30 30 22  3e 7b 66 6f 72 6d 61 74
42 6f 6f 6b 69 6e 67 44  61 74 65 28 62 6f 6f 6b
69 6e 67 2e 64 61 74 65  29 7d 3c 2f 74 64 3e 0d
0a 20 20 20 20 20 20 20  20 20 20 20 20 20 20 20
20 20 20 3c 74 64 20 63  6c 61 73 73 4e 61 6d 65
3d 22 70 78 2d 34 20 70  79 2d 34 22 3e 3c 53 74
61 74 75 73 42 61 64 67  65 20 73 74 61 74 75 73
3d 7b 66 6f 72 6d 61 74  53 74 61 74 75 73 28 62
6f 6f 6b 69 6e 67 2e 73  74 61 74 75 73 29 7d 20
2f 3e 3c 2f 74 64 3e 0d  0a 20 20 20 20 20 20 20
20 20 20 20 20 20 20 20  20 20 20 3c 74 64 20 63
6c 61 73 73 4e 61 6d 65  3d 22 70 78 2d 34 20 70
79 2d 34 20 74 65 78 74  2d 73 6d 20 66 6f 6e 74
2d 73 65 6d 69 62 6f 6c  64 20 74 65 78 74 2d 77
68 69 74 65 22 3e 7b 66  6f 72 6d 61 74 43 75 72
72 65 6e 63 79 28 62 6f  6f 6b 69 6e 67 2e 61 6d
6f 75 6e 74 43 68 61 72  67 65 64 29 7d 3c 2f 74
64 3e 0d 0a 20 20 20 20  20 20 20 20 20 20 20 20
20 20 20 20 20 20 3c 74  64 20 63 6c 61 73 73 4e
61 6d 65 3d 22 70 78 2d  34 20 70 79 2d 34 20 74
65 78 74 2d 72 69 67 68  74 22 3e 0d 0a 20 20 20
20 20 20 20 20 20 20 20  20 20 20 20 20 20 20 20
20 7b 62 6f 6f 6b 69 6e  67 2e 73 74 61 74 75 73
20 3d 3d 3d 20 22 44 52  41 46 54 22 20 3f 20 28
0d 0a 20 20 20 20 20 20  20 20 20 20 20 20 20 20
20 20 20 20 20 20 20 20  3c 62 75 74 74 6f 6e 0d
0a 20 20 20 20 20 20 20  20 20 20 20 20 20 20 20
20 20 20 20 20 20 20 20  20 74 79 70 65 3d 22 62
75 74 74 6f 6e 22 0d 0a  20 20 20 20 20 20 20 20
20 20 20 20 20 20 20 20  20 20 20 20 20 20 20 20
6f 6e 43 6c 69 63 6b 3d  7b 28 29 20 3d 3e 20 6f
6e 50 61 79 44 65 70 6f  73 69 74 28 62 6f 6f 6b
69 6e 67 29 7d 0d 0a 20  20 20 20 20 20 20 20 20
20 20 20 20 20 20 20 20  20 20 20 20 20 20 20 63
6c 61 73 73 4e 61 6d 65  3d 22 74 65 78 74 2d 73
6d 20 66 6f 6e 74 2d 6d  65 64 69 75 6d 20 74 65
78 74 2d 5b 23 45 38 37  37 32 32 5d 20 74 72 61
6e 73 69 74 69 6f 6e 2d  63 6f 6c 6f 72 73 20 68
6f 76 65 72 3a 74 65 78  74 2d 5b 23 66 33 39 63
34 64 5d 22 0d 0a 20 20  20 20 20 20 20 20 20 20
20 20 20 20 20 20 20 20  20 20 20 20 3e 0d 0a 20
20 20 20 20 20 20 20 20  20 20 20 20 20 20 20 20
20 20 20 20 20 20 20 50  61 79 20 44 65 70 6f 73
69 74 0d 0a 20 20 20 20  20 20 20 20 20 20 20 20
20 20 20 20 20 20 20 20  20 20 3c 2f 62 75 74 74
6f 6e 3e 0d 0a 20 20 20  20 20 20 20 20 20 20 20
20 20 20 20 20 20 20 20  20 29 20 3a 20 28 0d 0a
20 20 20 20 20 20 20 20  20 20 20 20 20 20 20 20
20 20 20 20 20 20 3c 62  75 74 74 6f 6e 20 63 6c
61 73 73 4e 61 6d 65 3d  22 74 65 78 74 2d 73 6d
20 66 6f 6e 74 2d 6d 65  64 69 75 6d 20 74 65 78
74 2d 5b 23 45 38 37 37  32 32 5d 20 74 72 61 6e
73 69 74 69 6f 6e 2d 63  6f 6c 6f 72 73 20 68 6f
76 65 72 3a 74 65 78 74  2d 5b 23 66 33 39 63 34
64 5d 22 3e 0d 0a 20 20  20 20 20 20 20 20 20 20
20 20 20 20 20 20 20 20  20 20 20 20 20 20 56 69
65 77 20 44 65 74 61 69  6c 73 0d 0a 20 20 20 20
20 20 20 20 20 20 20 20  20 20 20 20 20 20 20 20
20 20 3c 2f 62 75 74 74  6f 6e 3e 0d 0a 20 20 20
20 20 20 20 20 20 20 20  20 20 20 20 20 20 20 20
20 29 7d 0d 0a 20 20 20  20 20 20 20 20 20 20 20
20 20 20 20 20 20 20 3c  2f 74 64 3e 0d 0a 20 20
20 20 20 20 20 20 20 20  20 20 20 20 20 20 3c 2f
74 72 3e 0d 0a 20 20 20  20 20 20 20 20 20 20 20
20 20 20 29 29 7d 0d 0a  20 20 20 20 20 20 20 20
20 20 20 20 3c 2f 74 62  6f 64 79 3e 0d 0a 20 20
20 20 20 20 20 20 20 20  3c 2f 74 61 62 6c 65 3e
0d 0a 20 20 20 20 20 20  20 20 3c 2f 64 69 76 3e
0d 0a 20 20 20 20 20 20  3c 2f 64 69 76 3e 0d 0a
20 20 20 20 3c 2f 73 65  63 74 69 6f 6e 3e 0d 0a
20 20 29 3b 0d 0a 7d
